# orbit around object center, generated by make_orbit_pose.py
0 0.603142571 1.07225346 0.5 0.5 0 0 1 0 0 0 0 1 0 0 0 0 1 0
1 0.603142571 1.07225346 0.5 0.5 0 0 0.996917334 0 -0.0784590957 0.117688644 0 1 0 0 0.0784590957 0 0.996917334 0.0046239994
2 0.603142571 1.07225346 0.5 0.5 0 0 0.987688341 0 -0.156434465 0.234651698 0 1 0 0 0.156434465 0 0.987688341 0.0184674891
3 0.603142571 1.07225346 0.5 0.5 0 0 0.97236992 0 -0.233445364 0.350168046 0 1 0 0 0.233445364 0 0.97236992 0.0414451194
4 0.603142571 1.07225346 0.5 0.5 0 0 0.951056516 0 -0.309016994 0.463525492 0 1 0 0 0.309016994 0 0.951056516 0.0734152256
5 0.603142571 1.07225346 0.5 0.5 0 0 0.923879533 0 -0.382683432 0.574025149 0 1 0 0 0.382683432 0 0.923879533 0.114180701
6 0.603142571 1.07225346 0.5 0.5 0 0 0.891006524 0 -0.4539905 0.68098575 0 1 0 0 0.4539905 0 0.891006524 0.163490214
7 0.603142571 1.07225346 0.5 0.5 0 0 0.852640164 0 -0.522498565 0.783747847 0 1 0 0 0.522498565 0 0.852640164 0.221039753
8 0.603142571 1.07225346 0.5 0.5 0 0 0.809016994 0 -0.587785252 0.881677878 0 1 0 0 0.587785252 0 0.809016994 0.286474508
9 0.603142571 1.07225346 0.5 0.5 0 0 0.760405966 0 -0.649448048 0.974172072 0 1 0 0 0.649448048 0 0.760405966 0.359391052
10 0.603142571 1.07225346 0.5 0.5 0 0 0.707106781 0 -0.707106781 1.06066017 0 1 0 0 0.707106781 0 0.707106781 0.439339828
11 0.603142571 1.07225346 0.5 0.5 0 0 0.649448048 -0 -0.760405966 1.14060895 0 1 0 0 0.760405966 0 0.649448048 0.525827928
12 0.603142571 1.07225346 0.5 0.5 0 0 0.587785252 -0 -0.809016994 1.21352549 0 1 0 0 0.809016994 0 0.587785252 0.618322122
13 0.603142571 1.07225346 0.5 0.5 0 0 0.522498565 -0 -0.852640164 1.27896025 0 1 0 0 0.852640164 0 0.522498565 0.716252153
14 0.603142571 1.07225346 0.5 0.5 0 0 0.4539905 -0 -0.891006524 1.33650979 0 1 0 0 0.891006524 0 0.4539905 0.81901425
15 0.603142571 1.07225346 0.5 0.5 0 0 0.382683432 -0 -0.923879533 1.3858193 0 1 0 0 0.923879533 0 0.382683432 0.925974851
16 0.603142571 1.07225346 0.5 0.5 0 0 0.309016994 -0 -0.951056516 1.42658477 0 1 0 0 0.951056516 0 0.309016994 1.03647451
17 0.603142571 1.07225346 0.5 0.5 0 0 0.233445364 -0 -0.97236992 1.45855488 0 1 0 0 0.97236992 0 0.233445364 1.14983195
18 0.603142571 1.07225346 0.5 0.5 0 0 0.156434465 -0 -0.987688341 1.48153251 0 1 0 0 0.987688341 0 0.156434465 1.2653483
19 0.603142571 1.07225346 0.5 0.5 0 0 0.0784590957 -0 -0.996917334 1.495376 0 1 0 0 0.996917334 0 0.0784590957 1.38231136
20 0.603142571 1.07225346 0.5 0.5 0 0 6.123234e-17 -0 -1 1.5 0 1 0 0 1 0 6.123234e-17 1.5
21 0.603142571 1.07225346 0.5 0.5 0 0 -0.0784590957 -0 -0.996917334 1.495376 0 1 0 0 0.996917334 0 -0.0784590957 1.61768864
22 0.603142571 1.07225346 0.5 0.5 0 0 -0.156434465 -0 -0.987688341 1.48153251 0 1 0 0 0.987688341 0 -0.156434465 1.7346517
23 0.603142571 1.07225346 0.5 0.5 0 0 -0.233445364 -0 -0.97236992 1.45855488 0 1 0 0 0.97236992 0 -0.233445364 1.85016805
24 0.603142571 1.07225346 0.5 0.5 0 0 -0.309016994 -0 -0.951056516 1.42658477 0 1 0 0 0.951056516 0 -0.309016994 1.96352549
25 0.603142571 1.07225346 0.5 0.5 0 0 -0.382683432 -0 -0.923879533 1.3858193 0 1 0 0 0.923879533 0 -0.382683432 2.07402515
26 0.603142571 1.07225346 0.5 0.5 0 0 -0.4539905 -0 -0.891006524 1.33650979 0 1 0 0 0.891006524 0 -0.4539905 2.18098575
27 0.603142571 1.07225346 0.5 0.5 0 0 -0.522498565 -0 -0.852640164 1.27896025 0 1 0 0 0.852640164 0 -0.522498565 2.28374785
28 0.603142571 1.07225346 0.5 0.5 0 0 -0.587785252 -0 -0.809016994 1.21352549 0 1 0 0 0.809016994 0 -0.587785252 2.38167788
29 0.603142571 1.07225346 0.5 0.5 0 0 -0.649448048 -0 -0.760405966 1.14060895 0 1 0 0 0.760405966 0 -0.649448048 2.47417207
30 0.603142571 1.07225346 0.5 0.5 0 0 -0.707106781 -0 -0.707106781 1.06066017 0 1 0 0 0.707106781 0 -0.707106781 2.56066017
31 0.603142571 1.07225346 0.5 0.5 0 0 -0.760405966 -0 -0.649448048 0.974172072 0 1 0 0 0.649448048 -0 -0.760405966 2.64060895
32 0.603142571 1.07225346 0.5 0.5 0 0 -0.809016994 -0 -0.587785252 0.881677878 0 1 0 0 0.587785252 -0 -0.809016994 2.71352549
33 0.603142571 1.07225346 0.5 0.5 0 0 -0.852640164 -0 -0.522498565 0.783747847 0 1 0 0 0.522498565 -0 -0.852640164 2.77896025
34 0.603142571 1.07225346 0.5 0.5 0 0 -0.891006524 -0 -0.4539905 0.68098575 0 1 0 0 0.4539905 -0 -0.891006524 2.83650979
35 0.603142571 1.07225346 0.5 0.5 0 0 -0.923879533 -0 -0.382683432 0.574025149 0 1 0 0 0.382683432 -0 -0.923879533 2.8858193
36 0.603142571 1.07225346 0.5 0.5 0 0 -0.951056516 -0 -0.309016994 0.463525492 0 1 0 0 0.309016994 -0 -0.951056516 2.92658477
37 0.603142571 1.07225346 0.5 0.5 0 0 -0.97236992 -0 -0.233445364 0.350168046 0 1 0 0 0.233445364 -0 -0.97236992 2.95855488
38 0.603142571 1.07225346 0.5 0.5 0 0 -0.987688341 -0 -0.156434465 0.234651698 0 1 0 0 0.156434465 -0 -0.987688341 2.98153251
39 0.603142571 1.07225346 0.5 0.5 0 0 -0.996917334 -0 -0.0784590957 0.117688644 0 1 0 0 0.0784590957 -0 -0.996917334 2.995376
40 0.603142571 1.07225346 0.5 0.5 0 0 -1 -0 -1.2246468e-16 1.8369702e-16 0 1 0 0 1.2246468e-16 -0 -1 3
41 0.603142571 1.07225346 0.5 0.5 0 0 -0.996917334 -0 0.0784590957 -0.117688644 0 1 0 0 -0.0784590957 -0 -0.996917334 2.995376
42 0.603142571 1.07225346 0.5 0.5 0 0 -0.987688341 -0 0.156434465 -0.234651698 0 1 0 0 -0.156434465 -0 -0.987688341 2.98153251
43 0.603142571 1.07225346 0.5 0.5 0 0 -0.97236992 -0 0.233445364 -0.350168046 0 1 0 0 -0.233445364 -0 -0.97236992 2.95855488
44 0.603142571 1.07225346 0.5 0.5 0 0 -0.951056516 -0 0.309016994 -0.463525492 0 1 0 0 -0.309016994 -0 -0.951056516 2.92658477
45 0.603142571 1.07225346 0.5 0.5 0 0 -0.923879533 -0 0.382683432 -0.574025149 0 1 0 0 -0.382683432 -0 -0.923879533 2.8858193
46 0.603142571 1.07225346 0.5 0.5 0 0 -0.891006524 -0 0.4539905 -0.68098575 0 1 0 0 -0.4539905 -0 -0.891006524 2.83650979
47 0.603142571 1.07225346 0.5 0.5 0 0 -0.852640164 -0 0.522498565 -0.783747847 0 1 0 0 -0.522498565 -0 -0.852640164 2.77896025
48 0.603142571 1.07225346 0.5 0.5 0 0 -0.809016994 -0 0.587785252 -0.881677878 0 1 0 0 -0.587785252 -0 -0.809016994 2.71352549
49 0.603142571 1.07225346 0.5 0.5 0 0 -0.760405966 -0 0.649448048 -0.974172072 0 1 0 0 -0.649448048 -0 -0.760405966 2.64060895
50 0.603142571 1.07225346 0.5 0.5 0 0 -0.707106781 -0 0.707106781 -1.06066017 0 1 0 0 -0.707106781 -0 -0.707106781 2.56066017
51 0.603142571 1.07225346 0.5 0.5 0 0 -0.649448048 0 0.760405966 -1.14060895 0 1 0 0 -0.760405966 -0 -0.649448048 2.47417207
52 0.603142571 1.07225346 0.5 0.5 0 0 -0.587785252 0 0.809016994 -1.21352549 0 1 0 0 -0.809016994 -0 -0.587785252 2.38167788
53 0.603142571 1.07225346 0.5 0.5 0 0 -0.522498565 0 0.852640164 -1.27896025 0 1 0 0 -0.852640164 -0 -0.522498565 2.28374785
54 0.603142571 1.07225346 0.5 0.5 0 0 -0.4539905 0 0.891006524 -1.33650979 0 1 0 0 -0.891006524 -0 -0.4539905 2.18098575
55 0.603142571 1.07225346 0.5 0.5 0 0 -0.382683432 0 0.923879533 -1.3858193 0 1 0 0 -0.923879533 -0 -0.382683432 2.07402515
56 0.603142571 1.07225346 0.5 0.5 0 0 -0.309016994 0 0.951056516 -1.42658477 0 1 0 0 -0.951056516 -0 -0.309016994 1.96352549
57 0.603142571 1.07225346 0.5 0.5 0 0 -0.233445364 0 0.97236992 -1.45855488 0 1 0 0 -0.97236992 -0 -0.233445364 1.85016805
58 0.603142571 1.07225346 0.5 0.5 0 0 -0.156434465 0 0.987688341 -1.48153251 0 1 0 0 -0.987688341 -0 -0.156434465 1.7346517
59 0.603142571 1.07225346 0.5 0.5 0 0 -0.0784590957 0 0.996917334 -1.495376 0 1 0 0 -0.996917334 -0 -0.0784590957 1.61768864
60 0.603142571 1.07225346 0.5 0.5 0 0 -1.8369702e-16 0 1 -1.5 0 1 0 0 -1 -0 -1.8369702e-16 1.5
61 0.603142571 1.07225346 0.5 0.5 0 0 0.0784590957 0 0.996917334 -1.495376 0 1 0 0 -0.996917334 -0 0.0784590957 1.38231136
62 0.603142571 1.07225346 0.5 0.5 0 0 0.156434465 0 0.987688341 -1.48153251 0 1 0 0 -0.987688341 -0 0.156434465 1.2653483
63 0.603142571 1.07225346 0.5 0.5 0 0 0.233445364 0 0.97236992 -1.45855488 0 1 0 0 -0.97236992 -0 0.233445364 1.14983195
64 0.603142571 1.07225346 0.5 0.5 0 0 0.309016994 0 0.951056516 -1.42658477 0 1 0 0 -0.951056516 -0 0.309016994 1.03647451
65 0.603142571 1.07225346 0.5 0.5 0 0 0.382683432 0 0.923879533 -1.3858193 0 1 0 0 -0.923879533 -0 0.382683432 0.925974851
66 0.603142571 1.07225346 0.5 0.5 0 0 0.4539905 0 0.891006524 -1.33650979 0 1 0 0 -0.891006524 -0 0.4539905 0.81901425
67 0.603142571 1.07225346 0.5 0.5 0 0 0.522498565 0 0.852640164 -1.27896025 0 1 0 0 -0.852640164 -0 0.522498565 0.716252153
68 0.603142571 1.07225346 0.5 0.5 0 0 0.587785252 0 0.809016994 -1.21352549 0 1 0 0 -0.809016994 -0 0.587785252 0.618322122
69 0.603142571 1.07225346 0.5 0.5 0 0 0.649448048 0 0.760405966 -1.14060895 0 1 0 0 -0.760405966 -0 0.649448048 0.525827928
70 0.603142571 1.07225346 0.5 0.5 0 0 0.707106781 0 0.707106781 -1.06066017 0 1 0 0 -0.707106781 -0 0.707106781 0.439339828
71 0.603142571 1.07225346 0.5 0.5 0 0 0.760405966 0 0.649448048 -0.974172072 0 1 0 0 -0.649448048 0 0.760405966 0.359391052
72 0.603142571 1.07225346 0.5 0.5 0 0 0.809016994 0 0.587785252 -0.881677878 0 1 0 0 -0.587785252 0 0.809016994 0.286474508
73 0.603142571 1.07225346 0.5 0.5 0 0 0.852640164 0 0.522498565 -0.783747847 0 1 0 0 -0.522498565 0 0.852640164 0.221039753
74 0.603142571 1.07225346 0.5 0.5 0 0 0.891006524 0 0.4539905 -0.68098575 0 1 0 0 -0.4539905 0 0.891006524 0.163490214
75 0.603142571 1.07225346 0.5 0.5 0 0 0.923879533 0 0.382683432 -0.574025149 0 1 0 0 -0.382683432 0 0.923879533 0.114180701
76 0.603142571 1.07225346 0.5 0.5 0 0 0.951056516 0 0.309016994 -0.463525492 0 1 0 0 -0.309016994 0 0.951056516 0.0734152256
77 0.603142571 1.07225346 0.5 0.5 0 0 0.97236992 0 0.233445364 -0.350168046 0 1 0 0 -0.233445364 0 0.97236992 0.0414451194
78 0.603142571 1.07225346 0.5 0.5 0 0 0.987688341 0 0.156434465 -0.234651698 0 1 0 0 -0.156434465 0 0.987688341 0.0184674891
79 0.603142571 1.07225346 0.5 0.5 0 0 0.996917334 0 0.0784590957 -0.117688644 0 1 0 0 -0.0784590957 0 0.996917334 0.0046239994
80 0.603142571 1.07225346 0.5 0.5 0 0 1 0 2.4492936e-16 -3.6739404e-16 0 1 0 0 -2.4492936e-16 0 1 8.9985587e-32
