# orbit around object center, generated by make_orbit_pose.py
0 0.603142571 1.07225346 0.5 0.5 0 0 1 0 0 0 0 1 0 0 0 0 1 0
1 0.603142571 1.07225346 0.5 0.5 0 0 0.997999706 -8.4227169e-19 -0.0632185706 0.0948278558 0.00399658766 0.997999706 0.0630921148 -0.0946381722 0.0630921148 -0.0632185706 0.996003412 0.00599488149
2 0.603142571 1.07225346 0.5 0.5 0 0 0.992006825 -3.04471042e-18 -0.12618423 0.189276344 0.0159224598 0.992006825 0.125175617 -0.187763425 0.125175617 -0.12618423 0.98407754 0.0238836897
3 0.603142571 1.07225346 0.5 0.5 0 0 0.982045332 -4.49929712e-18 -0.188645077 0.282967616 0.0355869652 0.982045332 0.185258018 -0.277887027 0.185258018 -0.188645077 0.964413035 0.0533804479
4 0.603142571 1.07225346 0.5 0.5 0 0 0.96815508 6.98075766e-18 -0.250351234 0.375526851 0.0626757403 0.96815508 0.242378819 -0.363568228 0.242378819 -0.250351234 0.93732426 0.0940136104
5 0.603142571 1.07225346 0.5 0.5 0 0 0.950391638 -9.95228223e-19 -0.311055838 0.466583757 0.0967557343 0.950391638 0.295624867 -0.443437301 0.295624867 -0.311055838 0.903244266 0.145133601
6 0.603142571 1.07225346 0.5 0.5 0 0 0.92882607 3.87414691e-18 -0.370516035 0.555774053 0.137282133 0.92882607 0.344144953 -0.516217429 0.344144953 -0.370516035 0.862717867 0.205923199
7 0.603142571 1.07225346 0.5 0.5 0 0 0.90354465 2.06792228e-17 -0.428493951 0.642740926 0.183607066 0.90354465 0.387163417 -0.580745125 0.387163417 -0.428493951 0.816392934 0.275410599
8 0.603142571 1.07225346 0.5 0.5 0 0 0.874648519 3.67997237e-17 -0.484757638 0.727136457 0.234989967 0.874648519 0.42399255 -0.635988825 0.42399255 -0.484757638 0.765010033 0.352484951
9 0.603142571 1.07225346 0.5 0.5 0 0 0.84225328 2.82511748e-18 -0.539082009 0.808623014 0.290609412 0.84225328 0.45404359 -0.681065385 0.45404359 -0.539082009 0.709390588 0.435914119
10 0.603142571 1.07225346 0.5 0.5 0 0 0.806488531 -1.87515444e-17 -0.591249735 0.886874602 0.349576249 0.806488531 0.47683613 -0.715254195 0.47683613 -0.591249735 0.650423751 0.524364373
11 0.603142571 1.07225346 0.5 0.5 0 0 0.767497354 1.15278703e-18 -0.641052113 0.96157817 0.410947812 0.767497354 0.492005801 -0.738008701 0.492005801 -0.641052113 0.589052188 0.616421718
12 0.603142571 1.07225346 0.5 0.5 0 0 0.725435735 3.42782548e-17 -0.688289906 1.03243486 0.473742995 0.725435735 0.499310094 -0.748965141 0.499310094 -0.688289906 0.526257005 0.710614492
13 0.603142571 1.07225346 0.5 0.5 0 0 0.669164612 7.02680423e-18 -0.743114206 1.11467131 0.525461094 0.707106781 0.473170835 -0.709756252 0.525461094 -0.707106781 0.473170835 0.790243748
14 0.603142571 1.07225346 0.5 0.5 0 0 0.60009497 -1.67403711e-17 -0.799928764 1.19989315 0.565635053 0.707106781 0.424331222 -0.636496834 0.565635053 -0.707106781 0.424331222 0.863503166
15 0.603142571 1.07225346 0.5 0.5 0 0 0.526225462 -4.19104607e-17 -0.850345085 1.27551763 0.601284776 0.707106781 0.372097593 -0.558146389 0.601284776 -0.707106781 0.372097593 0.941853611
16 0.603142571 1.07225346 0.5 0.5 0 0 0.448146935 6.84569081e-18 -0.893959912 1.34093987 0.632125116 0.707106781 0.316887737 -0.475331605 0.632125116 -0.707106781 0.316887737 1.02466839
17 0.603142571 1.07225346 0.5 0.5 0 0 0.366483901 -1.16914743e-17 -0.930424393 1.39563659 0.657909397 0.707106781 0.259143252 -0.388714877 0.657909397 -0.707106781 0.259143252 1.11128512
18 0.603142571 1.07225346 0.5 0.5 0 0 0.281889542 -6.53336623e-20 -0.959446865 1.4391703 0.678431384 0.707106781 0.199326006 -0.29898901 0.678431384 -0.707106781 0.199326006 1.20101099
19 0.603142571 1.07225346 0.5 0.5 0 0 0.195040486 -1.06414884e-17 -0.980795192 1.47119279 0.693526931 0.707106781 0.13791445 -0.206871676 0.693526931 -0.707106781 0.13791445 1.29312832
20 0.603142571 1.07225346 0.5 0.5 0 0 0.106631398 1.62038351e-18 -0.99429862 1.49144793 0.703075296 0.707106781 0.0753997843 -0.113099676 0.703075296 -0.707106781 0.0753997843 1.38690032
21 0.603142571 1.07225346 0.5 0.5 0 0 0.0173694166 2.1856233e-19 -0.99984914 1.49977371 0.707000107 0.707106781 0.0122820323 -0.0184230484 0.707000107 -0.707106781 0.0122820323 1.48157695
22 0.603142571 1.07225346 0.5 0.5 0 0 -0.0720314937 1.14474989e-18 -0.997402358 1.49610354 0.705269971 0.707106781 -0.0509339577 0.0764009365 0.705269971 -0.707106781 -0.0509339577 1.57640094
23 0.603142571 1.07225346 0.5 0.5 0 0 -0.160856259 6.3386543e-18 -0.986977844 1.48046677 0.697898726 0.707106781 -0.113742552 0.170613828 0.697898726 -0.707106781 -0.113742552 1.67061383
24 0.603142571 1.07225346 0.5 0.5 0 0 -0.248394415 -1.97799393e-18 -0.968658977 1.45298847 0.684945332 0.707106781 -0.175641375 0.263462063 0.684945332 -0.707106781 -0.175641375 1.76346206
25 0.603142571 1.07225346 0.5 0.5 0 0 -0.333945785 4.08224632e-17 -0.942592283 1.41388842 0.666513395 0.707106781 -0.236135329 0.354202994 0.666513395 -0.707106781 -0.236135329 1.85420299
26 0.603142571 1.07225346 0.5 0.5 0 0 -0.416826087 6.49870798e-18 -0.908986256 1.36347938 0.642750345 0.707106781 -0.294740553 0.442110829 0.642750345 -0.707106781 -0.294740553 1.94211083
27 0.603142571 1.07225346 0.5 0.5 0 0 -0.496372402 -1.06111725e-17 -0.868109693 1.30216454 0.613846251 0.707106781 -0.350988291 0.526482437 0.613846251 -0.707106781 -0.350988291 2.02648244
28 0.603142571 1.07225346 0.5 0.5 0 0 -0.571948477 -7.29382595e-18 -0.820289547 1.23043432 0.580032301 0.707106781 -0.404428646 0.606642969 0.580032301 -0.707106781 -0.404428646 2.10664297
29 0.603142571 1.07225346 0.5 0.5 0 0 -0.642949816 3.33526846e-17 -0.765908306 1.14886246 0.541578957 0.707106781 -0.454634175 0.681951263 0.541578957 -0.707106781 -0.454634175 2.18195126
30 0.603142571 1.07225346 0.5 0.5 0 0 -0.708808516 5.17110388e-17 -0.705400941 1.05810141 0.498793789 0.707106781 -0.501203308 0.751804962 0.498793789 -0.707106781 -0.501203308 2.25180496
31 0.603142571 1.07225346 0.5 0.5 0 0 -0.768997803 -1.53666854e-17 -0.63925142 0.95887713 0.452019014 0.707106781 -0.543763562 0.815645342 0.452019014 -0.707106781 -0.543763562 2.31564534
32 0.603142571 1.07225346 0.5 0.5 0 0 -0.823036255 -3.74874889e-18 -0.56798884 0.851983261 0.401628761 0.707106781 -0.581974517 0.872961776 0.401628761 -0.707106781 -0.581974517 2.37296178
33 0.603142571 1.07225346 0.5 0.5 0 0 -0.870491643 -7.15663501e-18 -0.492183197 0.738274795 0.348026076 0.707106781 -0.615530544 0.923295816 0.348026076 -0.707106781 -0.615530544 2.42329582
34 0.603142571 1.07225346 0.5 0.5 0 0 -0.910984396 -3.55659801e-17 -0.412440821 0.618661231 0.291639701 0.707106781 -0.644163244 0.966244866 0.291639701 -0.707106781 -0.644163244 2.46624487
35 0.603142571 1.07225346 0.5 0.5 0 0 -0.944190631 -3.42358519e-18 -0.329399533 0.4940993 0.232920644 0.707106781 -0.667643598 1.0014654 0.232920644 -0.707106781 -0.667643598 2.5014654
36 0.603142571 1.07225346 0.5 0.5 0 0 -0.969844748 -1.0887671e-18 -0.24372354 0.36558531 0.172338568 0.707106781 -0.685783798 1.0286757 0.172338568 -0.707106781 -0.685783798 2.5286757
37 0.603142571 1.07225346 0.5 0.5 0 0 -0.987741553 2.65808532e-18 -0.156098122 0.234147183 0.110378041 0.707106781 -0.69843875 1.04765813 0.110378041 -0.707106781 -0.69843875 2.54765813
38 0.603142571 1.07225346 0.5 0.5 0 0 -0.997737898 -9.84340107e-19 -0.0672241516 0.100836227 0.0475346535 0.707106781 -0.705507234 1.05826085 0.0475346535 -0.707106781 -0.705507234 2.55826085
39 0.603142571 1.07225346 0.5 0.5 0 0 -0.999753827 4.1017846e-19 0.0221875118 -0.0332812676 -0.01568894 0.707106781 -0.70693271 1.06039907 -0.01568894 -0.707106781 -0.70693271 2.56039907
40 0.603142571 1.07225346 0.5 0.5 0 0 -0.993773215 2.84432097e-18 0.111421708 -0.167132562 -0.0787870454 0.707106781 -0.702703779 1.05405567 -0.0787870454 -0.707106781 -0.702703779 2.55405567
41 0.603142571 1.07225346 0.5 0.5 0 0 -0.979843899 2.43958355e-19 0.199764697 -0.299647045 -0.141254972 0.707106781 -0.692854265 1.0392814 -0.141254972 -0.707106781 -0.692854265 2.5392814
42 0.603142571 1.07225346 0.5 0.5 0 0 -0.958077292 6.6820961e-18 0.286509866 -0.429764799 -0.202593069 0.707106781 -0.67746295 1.01619442 -0.202593069 -0.707106781 -0.67746295 2.51619442
43 0.603142571 1.07225346 0.5 0.5 0 0 -0.928647494 -2.85524958e-18 0.370963383 -0.556445074 -0.262310724 0.707106781 -0.656652941 0.984979411 -0.262310724 -0.707106781 -0.656652941 2.48497941
44 0.603142571 1.07225346 0.5 0.5 0 0 -0.891789901 -3.91000722e-18 0.452449746 -0.678674619 -0.319930283 0.707106781 -0.630590686 0.94588603 -0.319930283 -0.707106781 -0.630590686 2.44588603
45 0.603142571 1.07225346 0.5 0.5 0 0 -0.847799318 5.27149772e-17 0.530317185 -0.795475778 -0.374990878 0.707106781 -0.599484647 0.89922697 -0.374990878 -0.707106781 -0.599484647 2.39922697
46 0.603142571 1.07225346 0.5 0.5 0 0 -0.797027604 8.12164319e-17 0.603942877 -0.905914316 -0.427052104 0.707106781 -0.563583623 0.845375435 -0.427052104 -0.707106781 -0.563583623 2.34537543
47 0.603142571 1.07225346 0.5 0.5 0 0 -0.739880857 -8.50565126e-17 0.672737927 -1.00910689 -0.47569755 0.707106781 -0.523174771 0.784762156 -0.47569755 -0.707106781 -0.523174771 2.28476216
48 0.603142571 1.07225346 0.5 0.5 0 0 -0.676816166 5.68061229e-17 0.736152075 -1.10422811 -0.520538124 0.707106781 -0.4785813 0.71787195 -0.520538124 -0.707106781 -0.4785813 2.21787195
49 0.603142571 1.07225346 0.5 0.5 0 0 -0.608337954 -4.35521587e-17 0.793678105 -1.19051716 -0.56121517 0.707106781 -0.430159892 0.645239839 -0.56121517 -0.707106781 -0.430159892 2.14523984
50 0.603142571 1.07225346 0.5 0.5 0 0 -0.534993945 9.32963807e-18 0.844855892 -1.26728384 -0.59740333 0.707106781 -0.378297847 0.56744677 -0.59740333 -0.707106781 -0.378297847 2.06744677
51 0.603142571 1.07225346 0.5 0.5 0 0 -0.457370783 3.94443294e-17 0.889276092 -1.33391414 -0.628813155 0.707106781 -0.323409982 0.485114973 -0.628813155 -0.707106781 -0.323409982 1.98511497
52 0.603142571 1.07225346 0.5 0.5 0 0 -0.376089335 -8.15196595e-18 0.926583408 -1.38987511 -0.655193411 0.707106781 -0.265935319 0.398902979 -0.655193411 -0.707106781 -0.265935319 1.89890298
53 0.603142571 1.07225346 0.5 0.5 0 0 -0.291799734 -2.94096207e-17 0.956479438 -1.43471916 -0.676333097 0.707106781 -0.206333571 0.309500356 -0.676333097 -0.707106781 -0.206333571 1.80950036
54 0.603142571 1.07225346 0.5 0.5 0 0 -0.20517617 1.57793159e-17 0.978725058 -1.46808759 -0.692063126 0.707106781 -0.145081461 0.217622191 -0.692063126 -0.707106781 -0.145081461 1.71762219
55 0.603142571 1.07225346 0.5 0.5 0 0 -0.116911502 -2.41980321e-18 0.993142337 -1.4897135 -0.702257681 0.707106781 -0.0826689156 0.124003373 -0.702257681 -0.707106781 -0.0826689156 1.62400337
56 0.603142571 1.07225346 0.5 0.5 0 0 -0.027711716 2.60392031e-18 0.999615957 -1.49942393 -0.706835222 0.707106781 -0.0195951423 0.0293927135 -0.706835222 -0.707106781 -0.0195951423 1.52939271
57 0.603142571 1.07225346 0.5 0.5 0 0 0.061709722 -6.13606566e-18 0.998094139 -1.49714121 -0.705759134 0.707106781 0.0436353629 -0.0654530444 -0.705759134 -0.707106781 0.0436353629 1.43454696
58 0.603142571 1.07225346 0.5 0.5 0 0 0.150637574 -1.65504523e-19 0.988589056 -1.48288358 -0.699038025 0.707106781 0.10651685 -0.159775275 -0.699038025 -0.707106781 0.10651685 1.34022472
59 0.603142571 1.07225346 0.5 0.5 0 0 0.238360551 1.51784202e-17 0.971176734 -1.4567651 -0.686725654 0.707106781 0.168546362 -0.252819542 -0.686725654 -0.707106781 0.168546362 1.24718046
60 0.603142571 1.07225346 0.5 0.5 0 0 0.324176998 1.24706293e-17 0.945996445 -1.41899467 -0.668920501 0.707106781 0.229227753 -0.34384163 -0.668920501 -0.707106781 0.229227753 1.15615837
61 0.603142571 1.07225346 0.5 0.5 0 0 0.407400512 -3.75989873e-17 0.913249595 -1.36987439 -0.645764982 0.707106781 0.288075665 -0.432113497 -0.645764982 -0.707106781 0.288075665 1.0678865
62 0.603142571 1.07225346 0.5 0.5 0 0 0.487365429 1.03124538e-17 0.873198109 -1.30979716 -0.617444305 0.707106781 0.3446194 -0.5169291 -0.617444305 -0.707106781 0.3446194 0.9830709
63 0.603142571 1.07225346 0.5 0.5 0 0 0.56343215 4.26868121e-17 0.82616234 -1.23924351 -0.584184993 0.707106781 0.398406694 -0.597610041 -0.584184993 -0.707106781 0.398406694 0.902389959
64 0.603142571 1.07225346 0.5 0.5 0 0 0.634992253 6.76784921e-17 0.772518504 -1.15877776 -0.546253073 0.707106781 0.449007328 -0.673510992 -0.546253073 -0.707106781 0.449007328 0.826489008
65 0.603142571 1.07225346 0.5 0.5 0 0 0.701473364 6.95355649e-17 0.712695671 -1.06904351 -0.503951942 0.707106781 0.496016573 -0.744024859 -0.503951942 -0.707106781 0.496016573 0.755975141
66 0.603142571 1.07225346 0.5 0.5 0 0 0.759629438 5.15721046e-17 0.650356146 -0.975534219 -0.471573343 0.688643422 0.550807425 -0.826211137 -0.447863482 -0.725100156 0.523113816 0.715329276
67 0.603142571 1.07225346 0.5 0.5 0 0 0.812026668 5.28561194e-17 0.58362033 -0.875430495 -0.434382692 0.667856728 0.604383213 -0.906574819 -0.389774764 -0.744289857 0.542317474 0.686523789
68 0.603142571 1.07225346 0.5 0.5 0 0 0.858578006 4.03785756e-17 0.512682951 -0.769024426 -0.391117558 0.646535527 0.654995319 -0.982492979 -0.331467742 -0.762883879 0.555101183 0.667348225
69 0.603142571 1.07225346 0.5 0.5 0 0 0.898948321 -1.42773707e-17 0.438054696 -0.657082044 -0.342062606 0.624696883 0.701959385 -1.05293908 -0.273651403 -0.780867341 0.561570214 0.657644679
70 0.603142571 1.07225346 0.5 0.5 0 0 0.932846982 5.43151071e-17 0.360272824 -0.540409237 -0.287579082 0.602358275 0.744622576 -1.11693386 -0.217013317 -0.798225851 0.561908099 0.657137852
71 0.603142571 1.07225346 0.5 0.5 0 0 0.960029949 8.36660356e-18 0.279897299 -0.419845948 -0.228101048 0.579537581 0.782372101 -1.17355815 -0.162211003 -0.814945515 0.556373434 0.665439849
72 0.603142571 1.07225346 0.5 0.5 0 0 0.980301526 -2.14577323e-17 0.197506754 -0.296260131 -0.164130671 0.556253064 0.814643266 -1.2219649 -0.109863737 -0.831012953 0.545295728 0.682056408
73 0.603142571 1.07225346 0.5 0.5 0 0 0.993515777 -1.00869592e-18 0.11369433 -0.170541495 -0.0962326211 0.532523361 0.84092696 -1.26139044 -0.0605448868 -0.846415306 0.529070361 0.706394459
74 0.603142571 1.07225346 0.5 0.5 0 0 0.99957757 -1.08461501e-19 0.0290634051 -0.0435951077 -0.0250276678 0.508367463 0.860776474 -1.29116471 -0.0147748895 -0.861140246 0.508152713 0.73777093
75 0.603142571 1.07225346 0.5 0.5 0 0 1 7.46774794e-34 2.4492936e-16 -3.6739404e-16 -2.18947918e-16 0.448221135 0.893922712 -1.34088407 -1.09782516e-16 -0.893922712 0.448221135 0.827668298
76 0.603142571 1.07225346 0.5 0.5 0 0 1 1.42030867e-32 2.4492936e-16 -3.6739404e-16 -2.278808e-16 0.366561127 0.93039397 -1.39559096 -8.97815822e-17 -0.93039397 0.366561127 0.950158309
77 0.603142571 1.07225346 0.5 0.5 0 0 1 7.39896568e-33 2.4492936e-16 -3.6739404e-16 -2.34990975e-16 0.281969177 0.959423464 -1.4391352 -6.906253e-17 -0.959423464 0.281969177 1.07704623
78 0.603142571 1.07225346 0.5 0.5 0 0 1 5.81444852e-34 2.4492936e-16 -3.6739404e-16 -2.40221573e-16 0.195121894 0.980779 -1.4711685 -4.77910806e-17 -0.980779 0.195121894 1.20731716
79 0.603142571 1.07225346 0.5 0.5 0 0 1 1.97287453e-33 2.4492936e-16 -3.6739404e-16 -2.43530756e-16 0.106713926 0.994289766 -1.49143465 -2.61373737e-17 -0.994289766 0.106713926 1.33992911
80 0.603142571 1.07225346 0.5 0.5 0 0 1 1.09221909e-33 2.4492936e-16 -3.6739404e-16 -2.44892056e-16 0.0174524064 0.999847695 -1.49977154 -4.27460674e-18 -0.999847695 0.0174524064 1.47382139
